 obs_sequence
obs_kind_definitions
           3
           2 SOIL_TEMPERATURE                
           3 SOIL_MOISTURE                   
          20 COSMOS_NEUTRON_INTENSITY        
  num_copies:            0  num_qc:            0
  num_obs:           30  max_num_obs:           30
  first:            1  last:           30
 OBS            1
          -1           2          -1
obdef
loc3d
     4.348672836244583        0.5569083843726107       -0.5000000000000000E-01  3
kind
           2
     0     149020
   4.0000000000000000     
 OBS            2
           1           3          -1
obdef
loc3d
     4.348672836244583        0.5569083843726107       -0.5000000000000000E-01  3
kind
           3
     0     149020
  4.00000000000000008E-002
 OBS            3
           2           4          -1
obdef
loc3d
     4.348672836244583        0.5569083843726107         0.000000000000000     -1
kind
          20
     0     149020
   1000.0000000000000     
 OBS            4
           3           5          -1
obdef
loc3d
     4.348672836244583        0.5569083843726107       -0.5000000000000000E-01  3
kind
           2
  3600     149020
   4.0000000000000000     
 OBS            5
           4           6          -1
obdef
loc3d
     4.348672836244583        0.5569083843726107       -0.5000000000000000E-01  3
kind
           3
  3600     149020
  4.00000000000000008E-002
 OBS            6
           5           7          -1
obdef
loc3d
     4.348672836244583        0.5569083843726107         0.000000000000000     -1
kind
          20
  3600     149020
   1000.0000000000000     
 OBS            7
           6           8          -1
obdef
loc3d
     4.348672836244583        0.5569083843726107       -0.5000000000000000E-01  3
kind
           2
  7200     149020
   4.0000000000000000     
 OBS            8
           7           9          -1
obdef
loc3d
     4.348672836244583        0.5569083843726107       -0.5000000000000000E-01  3
kind
           3
  7200     149020
  4.00000000000000008E-002
 OBS            9
           8          10          -1
obdef
loc3d
     4.348672836244583        0.5569083843726107         0.000000000000000     -1
kind
          20
  7200     149020
   1000.0000000000000     
 OBS           10
           9          11          -1
obdef
loc3d
     4.348672836244583        0.5569083843726107       -0.5000000000000000E-01  3
kind
           2
 10800     149020
   4.0000000000000000     
 OBS           11
          10          12          -1
obdef
loc3d
     4.348672836244583        0.5569083843726107       -0.5000000000000000E-01  3
kind
           3
 10800     149020
  4.00000000000000008E-002
 OBS           12
          11          13          -1
obdef
loc3d
     4.348672836244583        0.5569083843726107         0.000000000000000     -1
kind
          20
 10800     149020
   1000.0000000000000     
 OBS           13
          12          14          -1
obdef
loc3d
     4.348672836244583        0.5569083843726107       -0.5000000000000000E-01  3
kind
           2
 14400     149020
   4.0000000000000000     
 OBS           14
          13          15          -1
obdef
loc3d
     4.348672836244583        0.5569083843726107       -0.5000000000000000E-01  3
kind
           3
 14400     149020
  4.00000000000000008E-002
 OBS           15
          14          16          -1
obdef
loc3d
     4.348672836244583        0.5569083843726107         0.000000000000000     -1
kind
          20
 14400     149020
   1000.0000000000000     
 OBS           16
          15          17          -1
obdef
loc3d
     4.348672836244583        0.5569083843726107       -0.5000000000000000E-01  3
kind
           2
 18000     149020
   4.0000000000000000     
 OBS           17
          16          18          -1
obdef
loc3d
     4.348672836244583        0.5569083843726107       -0.5000000000000000E-01  3
kind
           3
 18000     149020
  4.00000000000000008E-002
 OBS           18
          17          19          -1
obdef
loc3d
     4.348672836244583        0.5569083843726107         0.000000000000000     -1
kind
          20
 18000     149020
   1000.0000000000000     
 OBS           19
          18          20          -1
obdef
loc3d
     4.348672836244583        0.5569083843726107       -0.5000000000000000E-01  3
kind
           2
 21600     149020
   4.0000000000000000     
 OBS           20
          19          21          -1
obdef
loc3d
     4.348672836244583        0.5569083843726107       -0.5000000000000000E-01  3
kind
           3
 21600     149020
  4.00000000000000008E-002
 OBS           21
          20          22          -1
obdef
loc3d
     4.348672836244583        0.5569083843726107         0.000000000000000     -1
kind
          20
 21600     149020
   1000.0000000000000     
 OBS           22
          21          23          -1
obdef
loc3d
     4.348672836244583        0.5569083843726107       -0.5000000000000000E-01  3
kind
           2
 25200     149020
   4.0000000000000000     
 OBS           23
          22          24          -1
obdef
loc3d
     4.348672836244583        0.5569083843726107       -0.5000000000000000E-01  3
kind
           3
 25200     149020
  4.00000000000000008E-002
 OBS           24
          23          25          -1
obdef
loc3d
     4.348672836244583        0.5569083843726107         0.000000000000000     -1
kind
          20
 25200     149020
   1000.0000000000000     
 OBS           25
          24          26          -1
obdef
loc3d
     4.348672836244583        0.5569083843726107       -0.5000000000000000E-01  3
kind
           2
 28800     149020
   4.0000000000000000     
 OBS           26
          25          27          -1
obdef
loc3d
     4.348672836244583        0.5569083843726107       -0.5000000000000000E-01  3
kind
           3
 28800     149020
  4.00000000000000008E-002
 OBS           27
          26          28          -1
obdef
loc3d
     4.348672836244583        0.5569083843726107         0.000000000000000     -1
kind
          20
 28800     149020
   1000.0000000000000     
 OBS           28
          27          29          -1
obdef
loc3d
     4.348672836244583        0.5569083843726107       -0.5000000000000000E-01  3
kind
           2
 32400     149020
   4.0000000000000000     
 OBS           29
          28          30          -1
obdef
loc3d
     4.348672836244583        0.5569083843726107       -0.5000000000000000E-01  3
kind
           3
 32400     149020
  4.00000000000000008E-002
 OBS           30
          29          -1          -1
obdef
loc3d
     4.348672836244583        0.5569083843726107         0.000000000000000     -1
kind
          20
 32400     149020
   1000.0000000000000     
